# Total valid configurations: 36
# Format: tb_m,tb_n,tb_k,warp_m,warp_n,warp_k,stages
#======================================================================

64,64,32,32,32,32,2
64,64,32,32,32,32,3
64,64,32,32,32,32,4
64,64,32,32,32,32,5
64,64,32,32,64,32,2
64,64,32,32,64,32,3
64,64,32,32,64,32,4
64,64,32,32,64,32,5
64,64,32,64,32,32,2
64,64,32,64,32,32,3
64,64,32,64,32,32,4
64,64,32,64,32,32,5
64,64,32,64,64,32,2
64,64,32,64,64,32,3
64,64,32,64,64,32,4
64,64,32,64,64,32,5
64,128,32,32,32,32,2
64,128,32,32,32,32,3
64,128,32,32,64,32,2
64,128,32,32,64,32,3
64,128,32,64,32,32,2
64,128,32,64,32,32,3
64,128,32,64,64,32,2
64,128,32,64,64,32,3
128,64,32,32,32,32,2
128,64,32,32,32,32,3
128,64,32,32,64,32,2
128,64,32,32,64,32,3
128,64,32,64,32,32,2
128,64,32,64,32,32,3
128,64,32,64,64,32,2
128,64,32,64,64,32,3
128,128,32,32,32,32,2
128,128,32,32,64,32,2
128,128,32,64,32,32,2
128,128,32,64,64,32,2
